15 15 15
25 25 25
255 255 255
255 255 255
23 123 15

15 15 15
25 25 25
255 255 255
255 255 255
0 191 255

255 255 255
255 255 255
5 5 5
255 255 255
95 158 160

0 191 255
0 191 255
255 255 255
0 0 0
240 248 255

217 136 128
205 97 85
255 255 255
5 5 5
242 215 213

20 143 119
23 165 137
255 255 255
5 5 5
232 248 245

15 15 15
25 25 25
255 255 255
255 255 255
214 137 16

229 152 102
220 118 51
255 255 255
5 5 5
251 238 230

236 240 241
240 243 244
5 5 5
255 255 255
123 125 125


255 255 255
255 255 255
5 5 5
255 255 255
23 123 15

255 255 255
255 255 255
5 5 5
255 255 255
0 191 255

255 255 255
255 255 255
5 5 5
255 255 255
95 158 160

255 255 255
255 255 255
5 5 5
255 255 255
214 137 16

